#title: Spectral profile - 10kms_natural_3.0sigma_Final_run_for_aurora.fits-raster
#region (world): Ellipse[[12:30:52.265, +12d23m02.471], [12:30:51.141, +12d23m09.444]]
#region (pixel): Ellipse[[66, 98], [148, 133]]
#coordinate: world
#xLabel: radio velocity [km/s]
#yLabel: [Jy] Flux Density

# 10kms_natural_3.0sigma_Final_run_for_aurora.fits-raster
-4.807699279785e+02 -1.725100003164e-03
-4.707383422852e+02 3.182722779288e-04
-4.607067260742e+02 -1.210557518283e-03
-4.506751403809e+02 4.072675302351e-04
-4.406435546875e+02 1.652008731153e-03
-4.306119384766e+02 2.720030913801e-03
-4.205803527832e+02 -5.882177036247e-04
-4.105487670898e+02 4.630443673723e-04
-4.005171508789e+02 5.364001648095e-04
-3.904855651855e+02 1.588824019795e-04
-3.804539794922e+02 -2.069380143227e-03
-3.704223632812e+02 8.338097133900e-04
-3.603907775879e+02 2.847242013746e-03
-3.503591613770e+02 1.960400078427e-03
-3.403275756836e+02 -5.564044382205e-04
-3.302959899902e+02 -1.692341720974e-05
-3.202643737793e+02 -1.453321961797e-05
-3.102327880859e+02 2.215559826226e-03
-3.002012023926e+02 1.284126104312e-03
-2.901695861816e+02 -1.523885322472e-03
-2.801380004883e+02 1.520663452850e-03
-2.701064147949e+02 6.350611451903e-05
-2.600747985840e+02 -4.348559586123e-04
-2.500432128906e+02 1.231262742350e-03
-2.400116119385e+02 3.639057749502e-04
-2.299800109863e+02 7.343606701609e-04
-2.199484100342e+02 2.941283604135e-03
-2.099168243408e+02 -1.538071556428e-04
-1.998852233887e+02 3.016212129804e-03
-1.898536224365e+02 7.557446123501e-05
-1.798220214844e+02 2.489384769424e-03
-1.697904357910e+02 2.058208086499e-03
-1.597588348389e+02 5.027286291487e-03
-1.497272338867e+02 7.920045752006e-03
-1.396956481934e+02 9.597362974161e-03
-1.296640472412e+02 1.079183534382e-02
-1.196324462891e+02 6.801186884624e-03
-1.096008529663e+02 9.637192230203e-03
-9.956925201416e+01 6.645930129050e-03
-8.953765869141e+01 4.235930644006e-03
-7.950605773926e+01 1.961500261013e-03
-6.947446441650e+01 1.712018928782e-03
-5.944286727905e+01 2.282147754347e-03
-4.941127014160e+01 -1.650268066827e-04
-3.937967300415e+01 1.131637150155e-04
-2.934807777405e+01 3.710671038594e-06
-1.931648063660e+01 5.266163599281e-04
-9.284883499146e+00 -8.997347782240e-04
7.467129230499e-01 -5.503812097660e-04
1.077830982208e+01 -2.372003459346e-05
2.080990600586e+01 -2.548375250741e-03
3.084150314331e+01 -2.333421102729e-03
4.087310028076e+01 6.020232724987e-04
5.090469741821e+01 4.460838350936e-04
6.093629455566e+01 -1.699215135220e-03
7.096788787842e+01 1.983787988474e-03
8.099948883057e+01 -1.068641016726e-05
9.103108215332e+01 3.698316690153e-04
1.010626831055e+02 8.893061702648e-04
1.110942764282e+02 -1.096644930475e-03
1.211258773804e+02 6.462039658394e-04
1.311574707031e+02 3.173689396920e-04
1.411890716553e+02 3.446611329706e-04
1.512206573486e+02 5.114562754373e-04
1.612522583008e+02 8.206037672710e-04
1.712838592529e+02 7.683760888755e-04
1.813154602051e+02 -3.534385431794e-04
1.913470458984e+02 1.695680140033e-05
2.013786468506e+02 1.310166421177e-03
2.114102478027e+02 -4.751993345424e-04
2.214418487549e+02 7.044468856666e-04
2.314734344482e+02 1.645364124247e-03
2.415050354004e+02 -4.216079241615e-05
2.515366363525e+02 -1.499059748326e-03
2.615682373047e+02 -1.205671486900e-03
2.715998229980e+02 -9.393396823726e-04
2.816314086914e+02 -9.988714334950e-04
2.916630249023e+02 5.621174244843e-04
3.016946105957e+02 7.641183500830e-04
3.117262268066e+02 -8.611166886212e-04
3.217578125000e+02 -1.687874993385e-03
3.317893981934e+02 8.615434578980e-04
3.418210144043e+02 3.094418791882e-04
3.518526000977e+02 -1.120880776239e-03
3.618841857910e+02 4.735847042434e-04
3.719158020020e+02 -2.719697187380e-04
3.819473876953e+02 -1.811926450961e-03
3.919789733887e+02 6.591885999018e-04
4.020105895996e+02 -5.390139478163e-04
4.120421752930e+02 -4.352556673792e-04
4.220737915039e+02 -5.322569861497e-04
4.321053771973e+02 -1.715457520902e-03
4.421369628906e+02 -1.788698519788e-04
4.521685791016e+02 8.609754256064e-04
4.622001647949e+02 1.996840333416e-04
4.722317504883e+02 2.780652178277e-03
4.822633666992e+02 -1.057955196086e-03
4.922949523926e+02 1.218718586634e-03
5.023265380859e+02 5.197370299199e-04
5.123581542969e+02 8.689378800949e-06
